<svg width="397" height="241" viewBox="0 0 397 241" fill="none" xmlns="http://www.w3.org/2000/svg">
<g clip-path="url(#clip0_2_34)">
<path d="M95.2263 183.588H70.8543V115.321H39.054V183.588H14.682V115.321H0V94.758H14.6899V86.9806C14.6899 79.1475 16.9358 73.124 21.4277 68.9178C25.9196 64.7116 32.6019 62.6085 41.4745 62.6085H58.585V83.3458H46.3156C43.776 83.3458 41.9348 83.9251 40.7841 85.0759C39.6333 86.2266 39.054 88.0758 39.054 90.6074V94.758H95.2184V183.588H95.2263ZM73.1082 81.2745C70.4575 78.6238 69.1322 75.3382 69.1322 71.4256C69.1322 67.5131 70.4575 64.2513 73.1082 61.6641C75.7589 59.069 79.1 57.7754 83.1316 57.7754C87.1632 57.7754 90.5361 59.069 93.2423 61.6641C95.9485 64.2593 97.3056 67.5131 97.3056 71.4256C97.3056 75.3382 95.9485 78.6317 93.2423 81.2745C90.5361 83.9251 87.1632 85.2505 83.1316 85.2505C79.1 85.2505 75.7589 83.9251 73.1082 81.2745Z" fill="#2563EB"/>
<path d="M183.794 175.374C176.247 181.54 166.485 184.62 154.502 184.62C145.28 184.62 137.217 182.747 130.304 179.001C123.392 175.255 118.059 169.93 114.321 163.017C110.575 156.105 108.702 148.153 108.702 139.169C108.702 130.185 110.575 122.09 114.321 115.233C118.067 108.377 123.424 103.075 130.392 99.3293C137.36 95.5834 145.455 93.7104 154.676 93.7104C166.541 93.7104 176.223 96.7341 183.715 102.782C191.199 108.829 195.81 117.21 197.54 127.931H172.311C171.271 123.551 169.2 120.067 166.089 117.471C162.978 114.876 159.113 113.583 154.51 113.583C148.169 113.583 143.105 115.948 139.304 120.67C135.503 125.392 133.598 131.558 133.598 139.161C133.598 146.764 135.503 152.93 139.304 157.652C143.105 162.374 148.177 164.739 154.51 164.739C159.232 164.739 163.176 163.414 166.351 160.763C169.517 158.113 171.565 154.486 172.485 149.875H197.548C195.929 160.708 191.35 169.207 183.81 175.366L183.794 175.374Z" fill="#2563EB"/>
<path d="M230.546 154.033C230.896 157.954 232.792 161.12 236.252 163.541C239.705 165.961 244.141 167.168 249.561 167.168C254.982 167.168 258.831 166.334 261.831 164.66C264.823 162.993 266.323 160.597 266.323 157.486C266.323 155.184 265.632 153.454 264.251 152.303C262.87 151.153 260.91 150.319 258.379 149.795C255.839 149.28 251.696 148.669 245.935 147.978C238.102 146.938 231.586 145.621 226.404 144.002C221.221 142.391 217.071 139.851 213.96 136.399C210.849 132.939 209.293 128.336 209.293 122.574C209.293 116.813 210.873 111.718 214.047 107.281C217.214 102.845 221.682 99.4165 227.443 96.996C233.205 94.5754 239.824 93.3691 247.316 93.3691C259.41 93.4882 269.18 96.0754 276.608 101.147C284.036 106.218 288.044 113.241 288.623 122.233H265.466C265.116 118.892 263.362 116.154 260.196 114.027C257.029 111.892 252.966 110.829 248.014 110.829C243.403 110.829 239.689 111.694 236.864 113.424C234.038 115.154 232.626 117.455 232.626 120.336C232.626 122.408 233.372 123.963 234.872 125.003C236.364 126.042 238.332 126.788 240.744 127.249C243.165 127.709 247.196 128.225 252.839 128.804C264.823 130.185 274.013 132.749 280.402 136.494C286.798 140.24 289.996 146.669 289.996 155.763C289.996 161.525 288.298 166.596 284.901 170.969C281.505 175.35 276.783 178.723 270.727 181.08C264.68 183.445 257.68 184.619 249.728 184.619C237.395 184.619 227.372 181.881 219.658 176.413C211.936 170.945 207.849 163.477 207.389 154.033H230.546Z" fill="#2563EB"/>
<path d="M0.642822 198.262H26.3958V204.262H17.0072V230.808H10.0313V204.262H0.642822V198.262Z" fill="#FC8020"/>
<path d="M26.0942 212.42C27.1021 210.579 28.5147 209.151 30.3242 208.143C32.1336 207.135 34.2367 206.635 36.6255 206.635C39.0143 206.635 41.1729 207.111 43.0141 208.055C44.8553 209 46.2997 210.333 47.3394 212.055C48.379 213.777 48.9107 215.801 48.9425 218.118C48.9425 218.952 48.879 219.698 48.7599 220.349H31.4194V220.531C31.5781 222.269 32.1336 223.634 33.0939 224.626C34.0542 225.618 35.3716 226.11 37.0461 226.11C38.3794 226.11 39.4905 225.824 40.3714 225.253C41.2523 224.682 41.8396 223.833 42.1173 222.721H48.5774C48.3314 224.301 47.7282 225.729 46.76 226.999C45.7997 228.269 44.5299 229.269 42.9506 229.999C41.3713 230.729 39.554 231.094 37.5144 231.094C34.8478 231.094 32.5463 230.602 30.6099 229.61C28.6734 228.618 27.1814 227.197 26.1497 225.356C25.1101 223.515 24.5942 221.364 24.5942 218.92C24.5942 216.476 25.0942 214.277 26.1021 212.436L26.0942 212.42ZM42.3951 216.071C42.1808 214.611 41.5777 213.492 40.6015 212.698C39.6254 211.904 38.3953 211.516 36.9033 211.516C35.4113 211.516 34.2764 211.928 33.3002 212.746C32.3241 213.571 31.7447 214.674 31.5543 216.071H42.3872H42.3951Z" fill="#FC8020"/>
<path d="M71.7987 228.594C69.767 230.253 67.1401 231.078 63.918 231.078C61.442 231.078 59.2674 230.578 57.4104 229.57C55.5533 228.562 54.1168 227.126 53.109 225.269C52.1011 223.412 51.6011 221.269 51.6011 218.856C51.6011 216.444 52.1011 214.261 53.109 212.42C54.1168 210.579 55.5533 209.151 57.4342 208.143C59.3071 207.135 61.4896 206.635 63.9657 206.635C67.156 206.635 69.7591 207.444 71.7749 209.079C73.7907 210.706 75.0287 212.96 75.4969 215.841H68.7115C68.4337 214.666 67.8782 213.722 67.037 213.031C66.2037 212.333 65.164 211.984 63.918 211.984C62.2118 211.984 60.8467 212.619 59.823 213.888C58.7992 215.158 58.2913 216.817 58.2913 218.864C58.2913 220.912 58.7992 222.571 59.823 223.84C60.8467 225.11 62.2118 225.745 63.918 225.745C65.1878 225.745 66.2513 225.388 67.1005 224.674C67.9496 223.959 68.5052 222.983 68.7512 221.745H75.489C75.0525 224.658 73.8224 226.943 71.7907 228.602L71.7987 228.594Z" fill="#FC8020"/>
<path d="M99.5992 209.238C101.409 210.976 102.321 213.841 102.321 217.841V230.808H95.766V218.118C95.766 216.134 95.3612 214.627 94.5597 213.587C93.7502 212.547 92.5439 212.031 90.9329 212.031C89.3218 212.031 87.9488 212.603 87.0044 213.754C86.06 214.904 85.5839 216.499 85.5839 218.539V230.816H79.0286V198.27H85.5839V209.849C87.3536 207.714 89.7027 206.643 92.6471 206.643C95.5914 206.643 97.7818 207.508 99.5992 209.246V209.238Z" fill="#FC8020"/>
<path d="M127.05 209.238C128.844 210.976 129.749 213.841 129.749 217.841V230.808H123.193V218.206C123.193 214.087 121.582 212.023 118.36 212.023C116.654 212.023 115.337 212.595 114.408 213.746C113.48 214.896 113.011 216.507 113.011 218.579V230.808H106.456V206.913H112.178L112.781 209.889C113.615 208.865 114.622 208.071 115.805 207.492C116.979 206.92 118.44 206.635 120.178 206.635C122.963 206.635 125.257 207.5 127.058 209.238H127.05Z" fill="#FC8020"/>
<path d="M138.931 229.578C137.026 228.57 135.55 227.134 134.51 225.277C133.471 223.42 132.955 221.277 132.955 218.864C132.955 216.452 133.471 214.309 134.51 212.452C135.55 210.595 137.018 209.158 138.931 208.15C140.836 207.143 143.042 206.643 145.558 206.643C148.073 206.643 150.28 207.15 152.184 208.15C154.089 209.158 155.565 210.595 156.605 212.452C157.644 214.309 158.16 216.452 158.16 218.864C158.16 221.277 157.644 223.459 156.605 225.301C155.565 227.142 154.097 228.57 152.184 229.578C150.28 230.586 148.073 231.086 145.558 231.086C143.042 231.086 140.836 230.586 138.931 229.578ZM149.899 223.832C150.97 222.563 151.502 220.904 151.502 218.856C151.502 216.809 150.97 215.15 149.899 213.88C148.827 212.611 147.383 211.976 145.55 211.976C143.716 211.976 142.32 212.611 141.248 213.88C140.177 215.15 139.645 216.809 139.645 218.856C139.645 220.904 140.177 222.563 141.248 223.832C142.32 225.102 143.748 225.737 145.55 225.737C147.351 225.737 148.827 225.102 149.899 223.832Z" fill="#FC8020"/>
<path d="M161.779 198.262H168.335V230.808H161.779V198.262Z" fill="#FC8020"/>
<path d="M177.937 229.578C176.033 228.57 174.557 227.134 173.517 225.277C172.477 223.42 171.961 221.277 171.961 218.864C171.961 216.452 172.477 214.309 173.517 212.452C174.557 210.595 176.025 209.158 177.937 208.15C179.842 207.143 182.048 206.643 184.564 206.643C187.08 206.643 189.286 207.15 191.191 208.15C193.095 209.158 194.572 210.595 195.611 212.452C196.651 214.309 197.167 216.452 197.167 218.864C197.167 221.277 196.643 223.459 195.611 225.301C194.572 227.142 193.103 228.57 191.191 229.578C189.278 230.586 187.08 231.086 184.564 231.086C182.048 231.086 179.842 230.586 177.937 229.578ZM188.905 223.832C189.977 222.563 190.508 220.904 190.508 218.856C190.508 216.809 189.977 215.15 188.905 213.88C187.834 212.611 186.389 211.976 184.556 211.976C182.723 211.976 181.326 212.611 180.255 213.88C179.183 215.15 178.652 216.809 178.652 218.856C178.652 220.904 179.183 222.563 180.255 223.832C181.326 225.102 182.755 225.737 184.556 225.737C186.358 225.737 187.834 225.102 188.905 223.832Z" fill="#FC8020"/>
<path d="M224.681 206.913V230.11C224.681 233.237 223.642 235.737 221.563 237.594C219.483 239.451 216.261 240.379 211.896 240.379C208.515 240.379 205.793 239.633 203.714 238.149C201.635 236.665 200.524 234.554 200.365 231.824H206.968C207.277 232.975 207.888 233.856 208.801 234.475C209.714 235.094 210.92 235.403 212.404 235.403C214.261 235.403 215.706 234.935 216.729 234.007C217.753 233.078 218.261 231.697 218.261 229.872V227.364C216.523 229.562 214.063 230.666 210.872 230.666C208.761 230.666 206.873 230.174 205.198 229.181C203.524 228.189 202.214 226.785 201.27 224.975C200.325 223.166 199.849 221.047 199.849 218.626C199.849 216.206 200.325 214.134 201.27 212.301C202.214 210.476 203.532 209.063 205.222 208.071C206.912 207.079 208.809 206.587 210.92 206.587C214.047 206.587 216.531 207.793 218.356 210.214L218.912 206.913H224.674H224.681ZM216.634 223.555C217.69 222.317 218.213 220.706 218.213 218.722C218.213 216.738 217.69 215.063 216.634 213.793C215.579 212.523 214.174 211.889 212.404 211.889C210.634 211.889 209.222 212.515 208.15 213.769C207.079 215.023 206.547 216.658 206.547 218.674C206.547 220.69 207.079 222.317 208.15 223.555C209.222 224.793 210.634 225.412 212.404 225.412C214.174 225.412 215.579 224.793 216.634 223.555Z" fill="#FC8020"/>
<path d="M235.237 198.008C235.951 198.706 236.308 199.579 236.308 200.635C236.308 201.69 235.951 202.571 235.237 203.286C234.522 204 233.626 204.357 232.538 204.357C231.451 204.357 230.546 204 229.816 203.286C229.086 202.571 228.721 201.69 228.721 200.635C228.721 199.579 229.086 198.706 229.816 198.008C230.546 197.31 231.451 196.96 232.538 196.96C233.626 196.96 234.522 197.31 235.237 198.008ZM229.237 206.912H235.792V230.808H229.237V206.912Z" fill="#FC8020"/>
<path d="M240.927 212.42C241.935 210.579 243.347 209.151 245.157 208.143C246.974 207.135 249.069 206.635 251.458 206.635C253.847 206.635 256.006 207.111 257.847 208.055C259.688 209 261.132 210.333 262.172 212.055C263.212 213.777 263.743 215.801 263.775 218.118C263.775 218.952 263.712 219.698 263.593 220.349H246.252V220.531C246.403 222.269 246.966 223.634 247.927 224.626C248.887 225.618 250.204 226.11 251.879 226.11C253.212 226.11 254.323 225.824 255.204 225.253C256.085 224.682 256.672 223.833 256.95 222.721H263.41C263.164 224.301 262.561 225.729 261.601 226.999C260.64 228.269 259.371 229.269 257.791 229.999C256.212 230.729 254.395 231.094 252.355 231.094C249.688 231.094 247.387 230.602 245.45 229.61C243.514 228.618 242.022 227.197 240.99 225.356C239.951 223.515 239.435 221.364 239.435 218.92C239.435 216.476 239.935 214.277 240.943 212.436L240.927 212.42ZM257.22 216.071C257.006 214.611 256.41 213.492 255.434 212.698C254.458 211.904 253.228 211.516 251.736 211.516C250.244 211.516 249.109 211.928 248.133 212.746C247.157 213.571 246.577 214.674 246.387 216.071H257.22Z" fill="#FC8020"/>
<path d="M272.521 222.856C272.616 223.912 273.124 224.761 274.053 225.412C274.981 226.062 276.171 226.388 277.632 226.388C279.092 226.388 280.124 226.166 280.933 225.713C281.735 225.261 282.14 224.618 282.14 223.785C282.14 223.166 281.957 222.698 281.584 222.388C281.211 222.079 280.687 221.856 280.005 221.713C279.322 221.571 278.211 221.412 276.656 221.229C274.545 220.952 272.799 220.594 271.402 220.158C270.005 219.721 268.894 219.039 268.053 218.11C267.219 217.182 266.799 215.944 266.799 214.388C266.799 212.833 267.227 211.468 268.077 210.277C268.926 209.087 270.132 208.158 271.68 207.508C273.227 206.857 275.013 206.531 277.029 206.531C280.282 206.563 282.909 207.262 284.909 208.627C286.909 209.992 287.981 211.88 288.139 214.301H281.909C281.814 213.404 281.346 212.666 280.489 212.095C279.632 211.523 278.544 211.238 277.211 211.238C275.973 211.238 274.973 211.468 274.211 211.936C273.449 212.404 273.076 213.023 273.076 213.793C273.076 214.349 273.275 214.769 273.68 215.047C274.084 215.325 274.608 215.531 275.259 215.65C275.91 215.777 276.997 215.912 278.513 216.071C281.735 216.444 284.211 217.134 285.925 218.142C287.647 219.15 288.504 220.88 288.504 223.324C288.504 224.872 288.044 226.237 287.131 227.42C286.219 228.602 284.949 229.507 283.322 230.142C281.695 230.777 279.814 231.094 277.671 231.094C274.354 231.094 271.656 230.356 269.584 228.888C267.505 227.412 266.41 225.412 266.283 222.864H272.513L272.521 222.856Z" fill="#FC8020"/>
<path d="M395.444 7.66636C393.095 5.42835 391.191 2.72211 388.905 0C386.731 2.06341 385.485 3.19828 384.286 4.38078C361.517 26.983 338.82 49.6488 315.971 72.1638C304.051 83.9093 293.004 83.6713 281.084 72.0527C272.719 63.8943 264.648 55.347 255.585 48.0378C243.3 38.1255 231.713 38.9984 220.229 49.7202C212.309 57.1088 204.73 64.8625 197.103 72.5527C196.246 73.4177 195.468 75.0287 195.643 76.1398C196.357 80.7428 197.452 85.2902 198.556 90.6154C199.976 89.2583 201.111 88.2108 202.198 87.1314C210.706 78.7032 219.15 70.2115 227.705 61.8388C239.903 49.8948 250.815 50.0139 262.886 61.9182C270.497 69.4179 277.814 77.3302 286.108 84.0046C299.964 95.1549 314.091 93.8216 326.669 81.2983C341.32 66.7116 355.994 52.1487 370.66 37.5858C378.858 29.4512 387.008 21.269 395.294 13.2217C397.365 11.2059 397.69 9.825 395.437 7.68223L395.444 7.66636Z" fill="#FC8020"/>
<path d="M274.33 57.0137C277.029 59.9421 279.584 62.6325 282.544 64.7753C288.719 69.2354 295.25 69.5132 301.639 65.188C304.567 63.2039 307.408 60.9977 309.932 58.5216C325.265 43.4507 340.502 28.2847 355.748 13.1266C356.605 12.2694 357.311 11.2536 357.835 10.6108C354.645 7.16647 351.78 4.06342 348.708 0.746094C347.296 2.05557 346.129 3.0714 345.034 4.15866C330.772 18.293 316.535 32.4432 302.274 46.5697C294.607 54.1567 286.885 61.6643 274.322 57.0296L274.33 57.0137Z" fill="#FC8020"/>
<path d="M219.023 11.3329C212.23 0.968219 201.278 -2.34911 190.969 3.11893C186.635 5.41249 182.659 8.64252 179.064 12.0233C170.771 19.8484 162.843 28.0465 154.7 36.0382C152.907 37.8001 150.851 39.3 148.915 40.919C149.208 41.2603 149.494 41.6015 149.788 41.9348C153.811 42.6491 157.93 43.0776 161.843 44.1808C164.62 44.9665 166.335 44.2998 168.231 42.3634C175.429 35.0462 182.643 27.737 190.072 20.6658C198.071 13.055 206.762 7.0156 219.015 11.3249L219.023 11.3329Z" fill="#FC8020"/>
<path d="M289.544 39.5065C298.044 31.2846 306.393 22.896 314.789 14.563C316.075 13.2853 317.281 11.9361 318.456 10.6981C315.233 7.34902 312.305 4.30152 308.242 0.0715332C299.298 9.40449 290.679 18.4835 281.957 27.4673C274.243 35.4114 265.688 40.9905 253.506 36.0383C264.362 50.26 277.275 51.3711 289.536 39.5065H289.544Z" fill="#FC8020"/>
<path d="M209.587 40.5697C217.848 32.5383 226.864 26.1655 239.84 31.5066C228.308 17.1024 216.539 17.3167 206.016 25.6259C196.143 33.4192 187.508 42.776 179.215 50.6169C182.715 54.3628 185.762 57.6246 189.31 61.426C195.897 54.6247 202.555 47.4107 209.587 40.5776V40.5697Z" fill="#FC8020"/>
</g>
<defs>
<clipPath id="clip0_2_34">
<rect width="397" height="240.387" fill="white"/>
</clipPath>
</defs>
</svg>
